309
554.822  177.885  428.346  172.698
450.978  134.604  351.793  136.075
7  486.852  1  372.488
214.045  274.786  225.391  246.604
1  518.94  10  396.208
236.266  407.4  235.025  345.077
555.031  167.727  425.764  161.26
22  495.125  94  379.986
450.978  134.604  352.005  136.157
622.996  223.301  485.281  217.096
615.932  197.983  479.467  191.481
502.491  129.071  384.279  126.603
265.386  389.812  247.243  335.115
388.71  223.404  313.28  211.979
266.745  238.973  251.535  222.529
502.248  358.961  381.146  339.016
528.159  104.284  406.6  104.231
438.215  327.715  339.014  302.618
577.301  162.315  444.461  155.787
109.401  323.854  183.005  275.311
621.977  205.274  485.32  198.866
520.508  184.207  398.591  177.057
503.752  353.004  381.195  333.162
480.878  177.549  371.568  172.872
564.131  378.073  425.582  367.485
546.932  227.397  419.508  218.848
238.796  405.479  235.78  343.689
373.142  234.03  304.288  220.203
519.175  358.031  394.944  340.853
16  589.806  2  455.019
573.491  159.577  440.574  152.899
492.822  111.513  379.591  112.487
524.764  96.5773  403.706  97.6459
513.814  132.238  394.938  130.024
504.901  358.586  382.505  338.602
373.482  234.842  304.419  220.817
528.793  275.251  404.266  263.27
544.716  381.364  407.586  367.146
602.887  197.37  467.448  190.195
469.31  319.457  358.745  298.67
243.251  397.926  236.926  338.431
349.776  257.22  293.53  238.777
522.708  136.643  402.148  134.752
435.133  323.925  336.279  299.333
512.643  131.652  394.938  130.024
421.319  184.453  332.137  179.655
587.976  157.388  453.495  149.903
312.508  358.063  269.067  315.18
287.673  232.762  261.007  218.616
523.402  189.354  396.511  179.293
197.922  352.135  216.501  300.449
466.848  166.621  360.482  162.902
433.909  329.524  338.607  304.719
453.361  189.99  360.798  187.087
338.392  243.095  283.87  226.935
297.786  311.129  263.516  277.528
569.676  385.385  430.527  376.744
138.892  306.161  195.845  264.965
619.058  201.117  482.185  193.971
451.679  188.09  352.617  183.136
506.57  110.415  390.553  110.96
313.288  358.205  269.067  315.18
523.542  137.558  400.562  134.29
405.962  193.568  323.899  186.931
484.677  173.194  374.453  168.127
391.644  159.094  314.248  157.976
437.608  140.948  342.662  142.568
545.143  174.797  418.192  169.144
550.586  387.452  413.748  374.044
498.119  254.507  382.714  242.822
453.731  208.691  352.852  199.367
501.387  271.154  382.263  257.469
551.495  369.055  416.112  356.993
375.908  196.223  303.908  189.569
589.62  147.801  454.922  140.003
563.846  441.75  427.714  431.968
485.748  175.713  375.223  170.258
515.612  289.15  392.223  275.267
545.421  281.057  412.026  268.984
508.654  126.594  389.629  125.337
384.924  222.302  318.757  214.659
341.904  237.006  287.508  221.484
407.152  237.983  322.279  224.767
517.977  183.87  398.754  178.994
349.215  395.238  289.845  348.977
531.216  151.521  410.123  147.799
192.968  378.541  216.591  318.797
551.318  284.095  418.876  273.15
174.213  353.74  207.828  299.493
528.159  104.284  405.408  104.454
422.54  236.842  332.348  224.492
562.043  370.306  423.999  360.209
348.971  234.216  292.581  219.78
617.078  192.256  480.433  184.568
550.681  357.87  414.268  345.695
476.917  160.262  368.673  158.166
373.482  234.842  304.288  220.203
13  561.3  6  432.509
295.684  371.95  261.675  323.954
484.531  178.573  375.444  173.204
573.45  159.804  441.878  152.686
550.004  286.212  418.351  275.373
470.149  217.867  364.679  207.768
502.042  260.048  384.201  247.931
619.085  192.298  482.5  184.627
495.517  97.5835  382.188  99.4705
436.028  323.845  336.161  299.793
519.223  265.688  396.084  253.951
296.254  311.715  263.516  277.528
190.579  260.146  216.745  234.724
546.293  238.012  418.761  229.693
525.32  173.12  405.37  167.576
550.272  441.101  416.698  427.543
621.081  359.158  475.159  359.437
475.577  160.011  368.639  156.388
432.871  143.581  339.536  145.408
549.56  284.991  418.713  274.49
507.694  320.958  385.459  302.646
529.676  147.659  406.13  142.072
529.884  104.123  407.862  102.707
494.689  254.124  379.437  242.464
394.736  147.529  314.887  149.597
528.159  104.284  405.66  105.028
498.848  257.912  382.677  246.266
430.146  149.428  336.203  147.224
188.865  402.308  214.123  334.917
378.012  245.45  305.656  230.693
149.602  404.217  196.365  332.049
100.037  244.516  181.573  221.683
523.706  136.805  401.814  135.091
312.799  239.348  272.093  224.595
526.5  273.074  401.001  261.548
257.933  389.362  243.075  332.727
31  610.22  1  474.492
553.083  286.598  420.479  276.309
417.655  208.353  331.792  201.68
472.868  162.753  365.512  160.802
190.187  312.71  217.602  271.663
516.074  287.401  392.117  274.153
540.073  300.774  410.281  289.076
571.206  102.476  440.285  97.0065
435.902  230.949  340.473  220.247
106.58  205.361  183.411  195.557
561.566  271.052  429.988  262.62
484.793  265.454  371.318  252.242
615.326  362.3  469.474  362.14
438.374  223.971  341.54  214.132
563.757  266.059  430.721  257.525
526.168  344.98  397.584  330.157
104.025  329.134  179.997  277.097
423.898  176.487  333.467  173.897
620.418  144.123  482.707  134.029
0  475.488  0  364.091
153.008  234.037  201.231  215.124
622.99  252.35  483.378  247.884
97.7902  184.779  180.971  182.075
512.358  288.115  389.824  274.948
323.416  420.31  274.328  364.737
619.839  134.525  482.11  124.007
515.201  296.611  391.816  283.226
518.9  371.654  386.968  351.647
485.347  441.737  368.571  412.273
505.232  269.749  387.155  258.123
66  451.759  9  350.877
561.74  376.533  424.179  367.395
448.525  184.649  351.274  181.868
495.671  271.092  379.23  258.466
481.559  178.969  376.188  174.117
620.863  125.26  483.242  114.571
0  510.609  51  390.307
182.86  412.14  211.318  340.643
533.218  85.873  410.42  84.6469
456.167  282.386  351.099  265.931
300.587  332.645  266.994  296.953
2  592.378  18  453.831
5  576.889  3  444.141
0  512.756  0  393.365
368.748  262.297  306.396  242.804
602.973  115.173  467.497  106.072
255.501  264.46  244.338  238.823
94.9786  286.965  179.33  248.744
4  528.193  17  401.69
599.702  124.684  465.173  116.191
38  464.242  2  360.787
3  568.432  4  433.298
489.195  262.848  373.381  250.371
469.979  97.2219  362.193  98.4086
550.551  169.481  421.523  164.946
1  432.789  108  333.562
527.182  272.382  401.001  261.548
551.071  285.205  418.351  275.373
454.296  211.148  353.011  204.312
438.996  336.479  341.408  308.809
459.451  266.548  354.647  252.719
46  446.35  26  344.134
339.651  385.011  283.969  338.105
573.031  282.563  437.064  274.906
494.814  236.83  378.598  227.355
332.863  419.691  278.69  365.089
568.547  370.994  431.385  363.453
429.614  440.173  333.231  398.775
351.759  424.582  289.001  371.901
34  581.318  5  450.502
309.009  323.588  270.206  290.86
584.99  309.503  445.151  303.029
316.749  421.497  271.373  364.045
410.043  172.897  325.648  167.355
372.764  218.263  300.302  203.746
0  563.729  26  426.784
323.416  420.31  275.515  364
428.422  440.712  333.231  398.775
547.252  177.67  419.826  168.376
494.541  265.199  378.823  253.777
622.958  295.397  480.276  292.998
441.46  268.162  341.987  253.28
539.845  280.282  411.305  270.653
257.367  393.81  242.44  334.828
425.724  272.068  329.509  250.136
136.532  265.13  193.384  234.587
420.309  215.136  329.523  207.165
616.874  323.915  471.872  322.162
117.926  257.098  186.36  228.609
1  496.594  0  381.695
257.959  443.692  242.55  372.527
4  592.375  0  457.107
31  430.258  5  333.43
259.833  395.932  245.335  336.658
590.365  101.195  456.996  92.7965
291.995  418.139  257.382  357.553
348.37  396.389  288.101  347.86
29  495.591  4  380.145
532.199  88.3038  410.717  86.7017
618.242  323.755  473.108  322.361
326.214  432.3  275.61  373.69
21  556.587  1  427.452
306.288  257.604  266.085  233.759
588.122  310.47  447.661  304.864
425.773  441.437  331.526  398.506
109.007  199.651  184.961  190.475
11  602.77  0  467.307
618.173  308.419  474.52  306.38
326.142  250.088  278.645  229.092
247.601  230.28  243.286  213.047
132.822  303.536  190.956  259.949
2  589.469  0  454.675
568.724  111.378  439.716  104.946
259.833  395.932  246.507  336.318
462.15  346.259  348.827  318.249
620.451  102.12  483.885  90.3826
156.734  335.422  202.807  283.478
599.372  313.999  456.818  310.067
406.732  301.536  324.17  281.395
442.775  151.825  350.323  156.866
443.348  152.075  350.323  156.866
463.427  346.416  348.827  318.249
181.595  405.337  209.168  334.121
571.14  294.754  434.056  287.742
183.917  380.82  212.343  316.989
6  499.39  1  378.775
4  497.262  2  376.777
174.045  407.052  205.537  334.315
5  507.098  0  391.381
3  509.455  20  385.567
138.246  265.535  195.549  234.228
340.77  264.157  285.747  239.881
509.093  213.484  388.88  207.749
406.851  252.232  321.351  231.982
155.578  47.1526  206.872  87.5179
88.0828  210.53  176.963  196.551
236.027  332.245  234.071  285.732
620.358  83.8722  484.231  71.3468
31  570.665  0  440.001
570.408  388.331  430.288  375.663
40  587.927  13  454.7
0  569.612  7  439.151
131.567  362.513  192.1  299.131
240.73  404.467  233.862  339.25
186.71  261.704  213.728  232.125
300.106  250.17  268.12  227.809
509.093  213.484  390.021  208.931
6  600.709  4  465.356
183.917  380.82  210.948  315.923
167.164  304.002  208.463  261.344
0  578.616  14  445.804
13  608.403  11  472.454
537.36  44.322  416.547  44.7997
304.936  249.091  270.135  226.616
0  578.259  14  445.804
432.229  336.699  336.67  305.448
276.503  254.307  257.129  229.615
351.468  247.916  293.223  226.334
380.338  275.554  306.435  249.274
247.245  295.625  242.294  258.694
5  596.953  2  463.286
519.524  184.779  399.367  184.531
369.044  265.18  300.355  239.938
10  509.597  2  385.589
45  602.546  0  468.333
4  424.404  0  328.724
309.707  351.527  268.047  304.832
133.231  216.128  195.422  199.243
1  572.239  29  440.856
0  591.377  0  458.326
290.809  288.17  261.212  254.454
8  620.437  4  482.724
37  589.114  3  454.351
21  586.382  133  444.896
9  439.022  4  341.177
27  615.822  17  470.049
